$ANSIBLE_VAULT;1.1;AES256
32393536383063306165623062663331633634306563336439316136323830666535323761643031
3361613231363931376330376361316665623132326532300a363265303663643831366538353433
39336339356666326630366531326234336364343161313431326238353732356334646433636562
6462613663333261640a666330383238393335666231303234386662393832393131343434353833
64623731653365663032353435343732393665643235653537363736346362646663656661306131
62313165306536626263303461653539356266626262333830356235663932373836373930356661
36326136326361643637636339393964333135646335666536643166663332633332326262613963
38623466316266376133326635623363653365343661363232646165393332633838383432343036
37343639366162643539333937633634656361313031323031626237363564343035393565393539
64353061666233393166353739393238306665323038656461353435643136383536643130396132
34363266363736643136393536646134376664336563396663396431353762643765643030343338
32343737353462333361303364643331636363316166303732333837313634323961306136646163
65396430333665633161643465633333303730363464326239376638656134353261383064323162
66393332386636323734663635346638346662646464656331633562656233313039373866613465
62653361383261323038353233656235313364376136393966656433366566356634333635356639
62653535383937656265636534343864396463363063346662383963633435663233356166353833
36393364393261353133653534633930616639366264373735333965353733383666303836353831
30633663636565613139663232393534643266366330326631616235616162363565343433616562
36643534373436663432336634333661333863306161393333366232646464646261323038346335
37386239376364393533346666323430343832396339633166396464373330343536346539626164
31386263353438346463663962366461636138656262353264336331393765646430346236636530
33376634313933343030663634353034633535313234373164613763396463393339333364376134
36663532646635306131336661653534633532343238326639363630303737666261636563646137
32333662373031376530646634353737646430643532316664626262643364393563646437333138
62643866323664623237316135353563393735383165663964353635636464323232
